edit_distance,target_sequence_length,output_sequence_length,suffix_array_construction_time,adjacency_matrix_construction_time,sequence_reconstruction_time
0,10000,10000,0.019415616989135742,0.1032562255859375,0.10822153091430664
0,10000,10000,0.019336462020874023,0.1025850772857666,0.1080629825592041
0,10000,10000,0.019505023956298828,0.10261225700378418,0.10805106163024902
0,10000,10000,0.019793033599853516,0.1025228500366211,0.10796141624450684
0,10000,10000,0.019595861434936523,0.10270285606384277,0.10884618759155273
0,10000,10000,0.019564390182495117,0.10233092308044434,0.10826373100280762
0,10000,10000,0.01962876319885254,0.1039113998413086,0.10816144943237305
0,10000,10000,0.01969456672668457,0.10241460800170898,0.10764050483703613
0,10000,10000,0.019565343856811523,0.10245752334594727,0.10789108276367188
0,10000,10000,0.01959681510925293,0.10250234603881836,0.10776519775390625
0,10000,10000,0.019621849060058594,0.10263490676879883,0.10875248908996582
0,10000,10000,0.019541263580322266,0.10236167907714844,0.10762166976928711
0,10000,10000,0.019681930541992188,0.10262203216552734,0.10847640037536621
0,10000,10000,0.01967597007751465,0.10245585441589355,0.1076819896697998
0,10000,10000,0.019595623016357422,0.10255169868469238,0.10807919502258301
0,10000,10000,0.019720792770385742,0.10293078422546387,0.10776638984680176
0,10000,10000,0.01960015296936035,0.10249710083007812,0.10785174369812012
0,10000,10000,0.019596338272094727,0.10200285911560059,0.10743093490600586
0,10000,10000,0.01952195167541504,0.10181188583374023,0.10863137245178223
0,10000,10000,0.019648313522338867,0.10218024253845215,0.10744524002075195
0,10000,10000,0.019472837448120117,0.10179686546325684,0.1084434986114502
0,10000,10000,0.019459247589111328,0.10176563262939453,0.10773205757141113
0,10000,10000,0.019374370574951172,0.1025533676147461,0.10786771774291992
0,10000,10000,0.019461393356323242,0.10336422920227051,0.10771965980529785
0,10000,10000,0.01929020881652832,0.10233402252197266,0.10785675048828125
0,10000,10000,0.019283771514892578,0.10282278060913086,0.10747647285461426
0,10000,10000,0.019362926483154297,0.10263299942016602,0.10802435874938965
0,10000,10000,0.01932215690612793,0.10304689407348633,0.10762953758239746
0,10000,10000,0.019298315048217773,0.10253000259399414,0.10760974884033203
0,10000,10000,0.019812822341918945,0.1021265983581543,0.10745835304260254
0,10000,10000,0.019580364227294922,0.10228538513183594,0.10853815078735352
0,10000,10000,0.019580602645874023,0.10206413269042969,0.10746049880981445
0,10000,10000,0.01957225799560547,0.10224080085754395,0.10831928253173828
0,10000,10000,0.019589662551879883,0.10225629806518555,0.10764265060424805
0,10000,10000,0.019616127014160156,0.1022958755493164,0.1078498363494873
0,10000,10000,0.019765853881835938,0.10212564468383789,0.10752582550048828
0,10000,10000,0.01962447166442871,0.10226655006408691,0.10805201530456543
0,10000,10000,0.020205020904541016,0.1031198501586914,0.10790801048278809
0,10000,10000,0.01958155632019043,0.10223150253295898,0.10796880722045898
0,10000,10000,0.01957988739013672,0.10199356079101562,0.10755014419555664
0,10000,10000,0.019596338272094727,0.10223746299743652,0.10789775848388672
0,10000,10000,0.01960611343383789,0.101959228515625,0.10746550559997559
0,10000,10000,0.019545316696166992,0.10245037078857422,0.10852742195129395
0,10000,10000,0.019550323486328125,0.10300350189208984,0.1075742244720459
0,10000,10000,0.019561052322387695,0.10221147537231445,0.10789155960083008
0,10000,10000,0.019513845443725586,0.10368561744689941,0.10754156112670898
0,10000,10000,0.019446134567260742,0.10217928886413574,0.1076812744140625
0,10000,10000,0.019477128982543945,0.1017916202545166,0.10741567611694336
0,10000,10000,0.019430875778198242,0.10186648368835449,0.10797476768493652
0,10000,10000,0.019458293914794922,0.10155725479125977,0.10773491859436035
0,10000,10000,0.019464492797851562,0.10193562507629395,0.10851597785949707
0,10000,10000,0.01941204071044922,0.10163307189941406,0.10755443572998047
0,10000,10000,0.01948094367980957,0.10192489624023438,0.10865116119384766
0,10000,10000,0.019489288330078125,0.10165810585021973,0.1079554557800293
0,10000,10000,0.019376516342163086,0.1018829345703125,0.1078038215637207
0,10000,10000,0.019509553909301758,0.10318493843078613,0.10772275924682617
0,10000,10000,0.019446849822998047,0.10173535346984863,0.10785079002380371
0,10000,10000,0.019414424896240234,0.1020803451538086,0.1076202392578125
0,10000,10000,0.019470930099487305,0.10177397727966309,0.1077263355255127
0,10000,10000,0.019487857818603516,0.10217809677124023,0.10749959945678711
0,10000,10000,0.019394874572753906,0.10160088539123535,0.10762977600097656
0,10000,10000,0.019387245178222656,0.10133504867553711,0.1075448989868164
0,10000,10000,0.019437313079833984,0.10128307342529297,0.10774827003479004
0,10000,10000,0.020032405853271484,0.10120368003845215,0.10764551162719727
0,10000,10000,0.019603967666625977,0.10249471664428711,0.10814142227172852
0,10000,10000,0.019896745681762695,0.1014397144317627,0.1075887680053711
0,10000,10000,0.019384384155273438,0.10123038291931152,0.10803723335266113
0,10000,10000,0.019298076629638672,0.10124635696411133,0.1078042984008789
0,10000,10000,0.01927328109741211,0.10120034217834473,0.10790467262268066
0,10000,10000,0.019521713256835938,0.1011650562286377,0.1076364517211914
0,10000,10000,0.019256591796875,0.10110616683959961,0.10812163352966309
0,10000,10000,0.019362211227416992,0.10126423835754395,0.10820984840393066
0,10000,10000,0.019283056259155273,0.1011810302734375,0.10770535469055176
0,10000,10000,0.01931142807006836,0.10129642486572266,0.10843133926391602
0,10000,10000,0.01936030387878418,0.1012110710144043,0.10774469375610352
0,10000,10000,0.01925945281982422,0.10133624076843262,0.1084446907043457
0,10000,10000,0.0194244384765625,0.10121917724609375,0.10851693153381348
0,10000,10000,0.01937270164489746,0.10112857818603516,0.10750842094421387
0,10000,10000,0.019396066665649414,0.1017599105834961,0.10797619819641113
0,10000,10000,0.019406795501708984,0.10114479064941406,0.10768723487854004
0,10000,10000,0.01930856704711914,0.10169363021850586,0.10804438591003418
0,10000,10000,0.01924419403076172,0.1009376049041748,0.10777688026428223
0,10000,10000,0.019191980361938477,0.1016533374786377,0.10800909996032715
0,10000,10000,0.01918339729309082,0.10186123847961426,0.10785555839538574
0,10000,10000,0.01915264129638672,0.10202455520629883,0.10808467864990234
0,10000,10000,0.019148588180541992,0.10160017013549805,0.10739564895629883
0,10000,10000,0.01902627944946289,0.1025533676147461,0.10779786109924316
0,10000,10000,0.019037485122680664,0.10343027114868164,0.10810685157775879
0,10000,10000,0.01933598518371582,0.10464739799499512,0.10776972770690918
0,10000,10000,0.019700050354003906,0.10210919380187988,0.10754132270812988
0,10000,10000,0.01958322525024414,0.1050412654876709,0.10805368423461914
0,10000,10000,0.01916193962097168,0.10182857513427734,0.10776805877685547
0,10000,10000,0.01926279067993164,0.10322761535644531,0.1078956127166748
0,10000,10000,0.019145727157592773,0.10170984268188477,0.10770297050476074
0,10000,10000,0.019257307052612305,0.10265064239501953,0.10791969299316406
0,10000,10000,0.019066810607910156,0.10234904289245605,0.10767269134521484
0,10000,10000,0.018996477127075195,0.10326814651489258,0.10803341865539551
0,10000,10000,0.019051074981689453,0.10267877578735352,0.10750412940979004
0,10000,10000,0.01965928077697754,0.10281181335449219,0.10772705078125
0,10000,10000,0.01937389373779297,0.10278463363647461,0.10745048522949219
0,10000,10000,0.019659996032714844,0.103912353515625,0.10796833038330078
0,10000,10000,0.019467592239379883,0.1026010513305664,0.10774922370910645
0,10000,10000,0.019511938095092773,0.10375237464904785,0.10807633399963379
0,10000,10000,0.019670486450195312,0.10259175300598145,0.10832500457763672
0,10000,10000,0.019737720489501953,0.10279297828674316,0.10788989067077637
0,10000,10000,0.01992940902709961,0.10245513916015625,0.10828495025634766
0,10000,10000,0.02005624771118164,0.10266351699829102,0.10770559310913086
0,10000,10000,0.02018117904663086,0.10246777534484863,0.1082453727722168
0,10000,10000,0.019908905029296875,0.10272073745727539,0.10798096656799316
0,10000,10000,0.019651412963867188,0.10242748260498047,0.10808753967285156
0,10000,10000,0.019778013229370117,0.10350608825683594,0.10796594619750977
0,10000,10000,0.01963949203491211,0.1024167537689209,0.10839986801147461
0,10000,10000,0.019565343856811523,0.10268115997314453,0.10799908638000488
0,10000,10000,0.019594907760620117,0.10233187675476074,0.10851263999938965
0,10000,10000,0.019568920135498047,0.1024327278137207,0.1089169979095459
0,10000,10000,0.019623756408691406,0.10234355926513672,0.10822701454162598
0,10000,10000,0.019586801528930664,0.10253405570983887,0.1080167293548584
0,10000,10000,0.019664287567138672,0.10236740112304688,0.10826754570007324
0,10000,10000,0.01957225799560547,0.10248923301696777,0.1076505184173584
0,10000,10000,0.019560575485229492,0.10241842269897461,0.10838484764099121
0,10000,10000,0.019562959671020508,0.10243463516235352,0.10785794258117676
0,10000,10000,0.01962113380432129,0.10301518440246582,0.10782527923583984
0,10000,10000,0.019583702087402344,0.10256552696228027,0.10775089263916016
0,10000,10000,0.019577980041503906,0.10289883613586426,0.10754942893981934
0,10000,10000,0.019599199295043945,0.10250043869018555,0.10781097412109375
0,10000,10000,0.02020263671875,0.10222482681274414,0.10787463188171387
0,10000,10000,0.019720077514648438,0.10246706008911133,0.10785388946533203
0,10000,10000,0.01958322525024414,0.10220456123352051,0.10769820213317871
0,10000,10000,0.019579648971557617,0.1023249626159668,0.10785388946533203
0,10000,10000,0.01952648162841797,0.10210394859313965,0.10785603523254395
0,10000,10000,0.01966381072998047,0.10220193862915039,0.10825991630554199
0,10000,10000,0.01959705352783203,0.10206007957458496,0.10751700401306152
0,10000,10000,0.019578218460083008,0.10218524932861328,0.1085355281829834
0,10000,10000,0.019604921340942383,0.10219907760620117,0.10786199569702148
0,10000,10000,0.019600391387939453,0.10230875015258789,0.1078190803527832
0,10000,10000,0.01962876319885254,0.10261726379394531,0.1075446605682373
0,10000,10000,0.01943492889404297,0.10227203369140625,0.10789346694946289
0,10000,10000,0.020136356353759766,0.1019442081451416,0.10768365859985352
0,10000,10000,0.019500255584716797,0.10240769386291504,0.10792970657348633
0,10000,10000,0.01943683624267578,0.10195684432983398,0.10756063461303711
0,10000,10000,0.01961517333984375,0.10224771499633789,0.10776638984680176
0,10000,10000,0.019443511962890625,0.10288333892822266,0.10756754875183105
0,10000,10000,0.019394874572753906,0.10203218460083008,0.1085197925567627
0,10000,10000,0.01938486099243164,0.1017310619354248,0.10773253440856934
0,10000,10000,0.019608736038208008,0.10191726684570312,0.10846447944641113
0,10000,10000,0.019504785537719727,0.10161161422729492,0.10797858238220215
0,10000,10000,0.01944422721862793,0.10169625282287598,0.10772156715393066
0,10000,10000,0.019440174102783203,0.10226082801818848,0.10759592056274414
0,10000,10000,0.01942276954650879,0.10181307792663574,0.10805797576904297
0,10000,10000,0.019578933715820312,0.10233354568481445,0.1077432632446289
0,10000,10000,0.019439697265625,0.10184907913208008,0.10762810707092285
0,10000,10000,0.02008533477783203,0.10154485702514648,0.10784149169921875
0,10000,10000,0.01937580108642578,0.10170698165893555,0.1079862117767334
0,10000,10000,0.019320011138916016,0.10227084159851074,0.10773754119873047
0,10000,10000,0.01931023597717285,0.10229063034057617,0.10760760307312012
0,10000,10000,0.01942157745361328,0.1026761531829834,0.10774827003479004
0,10000,10000,0.019395828247070312,0.10168790817260742,0.10868668556213379
0,10000,10000,0.019324541091918945,0.10207676887512207,0.1079714298248291
0,10000,10000,0.019375085830688477,0.10239291191101074,0.10808229446411133
0,10000,10000,0.01940298080444336,0.10309910774230957,0.10743403434753418
0,10000,10000,0.019306659698486328,0.10377120971679688,0.10805726051330566
0,10000,10000,0.02003788948059082,0.10310626029968262,0.10792207717895508
0,10000,10000,0.020048856735229492,0.1024928092956543,0.1080629825592041
0,10000,10000,0.019705533981323242,0.1023862361907959,0.10780906677246094
0,10000,10000,0.019562482833862305,0.10255694389343262,0.10814499855041504
0,10000,10000,0.01958775520324707,0.10232210159301758,0.10797977447509766
0,10000,10000,0.019741535186767578,0.10463452339172363,0.10847783088684082
0,10000,10000,0.019713640213012695,0.10342741012573242,0.1078641414642334
0,10000,10000,0.01958608627319336,0.10271000862121582,0.10871267318725586
0,10000,10000,0.019583940505981445,0.10260963439941406,0.10807538032531738
0,10000,10000,0.01961684226989746,0.10262203216552734,0.10841512680053711
0,10000,10000,0.01953887939453125,0.10250687599182129,0.10762763023376465
0,10000,10000,0.019587993621826172,0.10259699821472168,0.10863304138183594
0,10000,10000,0.0197446346282959,0.10258316993713379,0.10776948928833008
0,10000,10000,0.019535303115844727,0.10306954383850098,0.10792875289916992
0,10000,10000,0.01956462860107422,0.10265016555786133,0.10861587524414062
0,10000,10000,0.019596576690673828,0.10272073745727539,0.10821771621704102
0,10000,10000,0.01973748207092285,0.10267496109008789,0.10780477523803711
0,10000,10000,0.020263671875,0.10273385047912598,0.10811018943786621
0,10000,10000,0.019533634185791016,0.10265040397644043,0.10786247253417969
0,10000,10000,0.019519567489624023,0.10271549224853516,0.10791683197021484
0,10000,10000,0.019670963287353516,0.10226941108703613,0.10853147506713867
0,10000,10000,0.019680500030517578,0.10230159759521484,0.1081390380859375
0,10000,10000,0.019893169403076172,0.1022484302520752,0.10823559761047363
0,10000,10000,0.019509553909301758,0.1022038459777832,0.10791730880737305
0,10000,10000,0.019543886184692383,0.10228276252746582,0.10817241668701172
0,10000,10000,0.01956486701965332,0.10342288017272949,0.10787224769592285
0,10000,10000,0.01961517333984375,0.10236001014709473,0.10846352577209473
0,10000,10000,0.01957988739013672,0.10224103927612305,0.10787200927734375
0,10000,10000,0.019575119018554688,0.10283422470092773,0.10781073570251465
0,10000,10000,0.019482851028442383,0.1021871566772461,0.10761690139770508
0,10000,10000,0.019605159759521484,0.10262703895568848,0.10805606842041016
0,10000,10000,0.019449710845947266,0.10198211669921875,0.10798835754394531
0,10000,10000,0.019469499588012695,0.10503625869750977,0.10741853713989258
0,10000,10000,0.019445419311523438,0.1021261215209961,0.10785651206970215
0,10000,10000,0.01943063735961914,0.10505294799804688,0.10779380798339844
0,10000,10000,0.019436359405517578,0.10190606117248535,0.1079859733581543
0,10000,10000,0.019437313079833984,0.10592031478881836,0.10765528678894043
0,10000,10000,0.01953291893005371,0.1019582748413086,0.10773181915283203
0,10000,10000,0.019338130950927734,0.10471463203430176,0.10765194892883301
0,10000,10000,0.01937246322631836,0.10241389274597168,0.10805249214172363
0,10000,10000,0.019236326217651367,0.10286593437194824,0.10773587226867676
0,10000,10000,0.019226551055908203,0.10216331481933594,0.1076974868774414
0,10000,10000,0.019359827041625977,0.1053934097290039,0.10774827003479004
0,10000,10000,0.01920771598815918,0.10205960273742676,0.10775923728942871
0,10000,10000,0.01933431625366211,0.10264062881469727,0.10805368423461914
0,10000,10000,0.01911020278930664,0.10444974899291992,0.1076352596282959
0,10000,10000,0.01932978630065918,0.10236287117004395,0.10786175727844238
0,10000,10000,0.01934075355529785,0.10289430618286133,0.10776758193969727
0,10000,10000,0.019388198852539062,0.10318517684936523,0.10790085792541504
0,10000,10000,0.019635438919067383,0.10279107093811035,0.10754251480102539
0,10000,10000,0.02024388313293457,0.10234594345092773,0.10783672332763672
0,10000,10000,0.01964879035949707,0.10262489318847656,0.10779881477355957
0,10000,10000,0.019558429718017578,0.10241580009460449,0.1075894832611084
0,10000,10000,0.01954793930053711,0.1035768985748291,0.10776066780090332
0,10000,10000,0.019672632217407227,0.1030266284942627,0.10776996612548828
0,10000,10000,0.019661426544189453,0.10243797302246094,0.10757780075073242
0,10000,10000,0.019590139389038086,0.10301494598388672,0.1077108383178711
0,10000,10000,0.019944190979003906,0.10249924659729004,0.1077582836151123
0,10000,10000,0.019545555114746094,0.10288000106811523,0.10782837867736816
0,10000,10000,0.01970505714416504,0.1026620864868164,0.10810589790344238
0,10000,10000,0.01958918571472168,0.10305380821228027,0.10780858993530273
0,10000,10000,0.019568920135498047,0.10237884521484375,0.10759520530700684
0,10000,10000,0.019558429718017578,0.10210633277893066,0.10767245292663574
0,10000,10000,0.01952648162841797,0.10212278366088867,0.10852527618408203
0,10000,10000,0.019491910934448242,0.10208320617675781,0.10767674446105957
0,10000,10000,0.01940631866455078,0.10212039947509766,0.10835146903991699
0,10000,10000,0.019513368606567383,0.10203003883361816,0.10772824287414551
0,10000,10000,0.01940631866455078,0.10199356079101562,0.10786557197570801
0,10000,10000,0.019458770751953125,0.10260415077209473,0.10746550559997559
0,10000,10000,0.019417285919189453,0.10197710990905762,0.10789942741394043
0,10000,10000,0.02002739906311035,0.10175156593322754,0.10742831230163574
0,10000,10000,0.0194547176361084,0.10176682472229004,0.1085355281829834
0,10000,10000,0.01944446563720703,0.10167837142944336,0.10784554481506348
0,10000,10000,0.01943659782409668,0.1017153263092041,0.10848784446716309
0,10000,10000,0.019475698471069336,0.10171341896057129,0.10800647735595703
0,10000,10000,0.019383907318115234,0.10163307189941406,0.10852551460266113
0,10000,10000,0.01941990852355957,0.10179805755615234,0.10808753967285156
0,10000,10000,0.019356250762939453,0.10164046287536621,0.10761356353759766
0,10000,10000,0.01938796043395996,0.10232257843017578,0.1076812744140625
0,10000,10000,0.019536733627319336,0.10183882713317871,0.10804629325866699
0,10000,10000,0.019418716430664062,0.10251665115356445,0.1079554557800293
0,10000,10000,0.019301414489746094,0.1021263599395752,0.10804343223571777
0,10000,10000,0.01998114585876465,0.10216474533081055,0.10800933837890625
0,10000,10000,0.01926255226135254,0.10251045227050781,0.10807490348815918
0,10000,10000,0.019306421279907227,0.10242056846618652,0.10784053802490234
0,10000,10000,0.01929497718811035,0.10248565673828125,0.10766339302062988
0,10000,10000,0.01925945281982422,0.10232186317443848,0.10777783393859863
0,10000,10000,0.019255638122558594,0.10269999504089355,0.1085655689239502
0,10000,10000,0.019318580627441406,0.10261940956115723,0.10784673690795898
0,10000,10000,0.019338130950927734,0.10266566276550293,0.10846996307373047
0,10000,10000,0.019310712814331055,0.1025991439819336,0.10753226280212402
0,10000,10000,0.019234418869018555,0.10290265083312988,0.10809826850891113
0,10000,10000,0.019520998001098633,0.10314083099365234,0.10818004608154297
0,10000,10000,0.02049565315246582,0.10265374183654785,0.10796666145324707
0,10000,10000,0.020045995712280273,0.1023566722869873,0.1077423095703125
0,10000,10000,0.01979804039001465,0.10248541831970215,0.10769248008728027
0,10000,10000,0.019560575485229492,0.1023709774017334,0.10819697380065918
0,10000,10000,0.019596338272094727,0.10252523422241211,0.10808348655700684
0,10000,10000,0.019550323486328125,0.10229802131652832,0.10795092582702637
0,10000,10000,0.020302295684814453,0.10259890556335449,0.10869574546813965
0,10000,10000,0.019557714462280273,0.10339927673339844,0.10774469375610352
0,10000,10000,0.020273447036743164,0.10314655303955078,0.10792303085327148
0,10000,10000,0.01961040496826172,0.10206913948059082,0.10753202438354492
0,10000,10000,0.019535064697265625,0.10344147682189941,0.10778522491455078
0,10000,10000,0.019651412963867188,0.10211467742919922,0.10784554481506348
0,10000,10000,0.01954174041748047,0.1021113395690918,0.1076664924621582
0,10000,10000,0.019449472427368164,0.10191822052001953,0.10802888870239258
0,10000,10000,0.01941967010498047,0.10193347930908203,0.10769367218017578
0,10000,10000,0.01950240135192871,0.1019587516784668,0.10823345184326172
0,10000,10000,0.01940321922302246,0.10174012184143066,0.10773897171020508
0,10000,10000,0.0192415714263916,0.10234546661376953,0.10757946968078613
0,10000,10000,0.019300222396850586,0.10240602493286133,0.1079416275024414
0,10000,10000,0.019290447235107422,0.102294921875,0.10860061645507812
0,10000,10000,0.01927638053894043,0.1025855541229248,0.10774374008178711
0,10000,10000,0.01959848403930664,0.1021420955657959,0.10835409164428711
0,10000,10000,0.019510984420776367,0.1032099723815918,0.10781383514404297
0,10000,10000,0.019477367401123047,0.10261702537536621,0.10787439346313477
0,10000,10000,0.019641399383544922,0.10204863548278809,0.10762214660644531
0,10000,10000,0.019398927688598633,0.10266947746276855,0.1078951358795166
0,10000,10000,0.01945638656616211,0.1031789779663086,0.10760498046875
0,10000,10000,0.019497156143188477,0.10273432731628418,0.10804533958435059
0,10000,10000,0.01945328712463379,0.10390853881835938,0.10782027244567871
0,10000,10000,0.019371509552001953,0.10166716575622559,0.10779619216918945
0,10000,10000,0.01954030990600586,0.10167050361633301,0.10849261283874512
0,10000,10000,0.019431114196777344,0.10163521766662598,0.10727357864379883
0,10000,10000,0.019478559494018555,0.10173773765563965,0.10779905319213867
0,10000,10000,0.019438743591308594,0.10237860679626465,0.10782146453857422
0,10000,10000,0.01945781707763672,0.10212326049804688,0.10785627365112305
0,10000,10000,0.019464731216430664,0.10229253768920898,0.10796093940734863
0,10000,10000,0.01941061019897461,0.10192489624023438,0.10766172409057617
0,10000,10000,0.019388675689697266,0.102325439453125,0.10778236389160156
0,10000,10000,0.01939678192138672,0.10175943374633789,0.1080939769744873
0,10000,10000,0.020253658294677734,0.10159587860107422,0.10780811309814453
0,10000,10000,0.019438982009887695,0.10176801681518555,0.10792779922485352
0,10000,10000,0.01948237419128418,0.10148954391479492,0.10773491859436035
0,10000,10000,0.019516944885253906,0.10186433792114258,0.10841631889343262
0,10000,10000,0.019422054290771484,0.10170650482177734,0.10773706436157227
0,10000,10000,0.0195465087890625,0.10190010070800781,0.10856056213378906
0,10000,10000,0.01937580108642578,0.10190963745117188,0.1077723503112793
0,10000,10000,0.019385814666748047,0.10178852081298828,0.10796070098876953
0,10000,10000,0.019443988800048828,0.10251498222351074,0.10775971412658691
0,10000,10000,0.0194089412689209,0.10197973251342773,0.1076653003692627
0,10000,10000,0.01926398277282715,0.102386474609375,0.10773324966430664
0,10000,10000,0.019275903701782227,0.10247635841369629,0.1086723804473877
0,10000,10000,0.01939678192138672,0.10242366790771484,0.10792899131774902
0,10000,10000,0.01946711540222168,0.1022489070892334,0.10788583755493164
0,10000,10000,0.019492149353027344,0.10298299789428711,0.10791635513305664
0,10000,10000,0.019243955612182617,0.10228610038757324,0.10783672332763672
0,10000,10000,0.01923513412475586,0.10263252258300781,0.10788226127624512
0,10000,10000,0.019284725189208984,0.10205388069152832,0.10775518417358398
0,10000,10000,0.019329547882080078,0.10253739356994629,0.10766744613647461
0,10000,10000,0.019340991973876953,0.10210871696472168,0.1077723503112793
0,10000,10000,0.019285917282104492,0.10252857208251953,0.10781431198120117
0,10000,10000,0.019355058670043945,0.1020350456237793,0.10767292976379395
0,10000,10000,0.020017147064208984,0.10174083709716797,0.1076662540435791
0,10000,10000,0.019263744354248047,0.10229969024658203,0.10839200019836426
0,10000,10000,0.019230127334594727,0.10218214988708496,0.10770702362060547
0,10000,10000,0.019275426864624023,0.10236835479736328,0.10774350166320801
0,10000,10000,0.01926708221435547,0.10319018363952637,0.10779809951782227
0,10000,10000,0.01935887336730957,0.10244274139404297,0.1077890396118164
0,10000,10000,0.019259929656982422,0.10312438011169434,0.10745048522949219
0,10000,10000,0.01921248435974121,0.10220193862915039,0.10781288146972656
0,10000,10000,0.019150495529174805,0.10303711891174316,0.1073763370513916
0,10000,10000,0.019198894500732422,0.10190629959106445,0.10798835754394531
0,10000,10000,0.0197906494140625,0.10214567184448242,0.10782384872436523
0,10000,10000,0.01915740966796875,0.1028146743774414,0.10745716094970703
0,10000,10000,0.019667625427246094,0.10216593742370605,0.10785365104675293
0,10000,10000,0.018932819366455078,0.1017603874206543,0.10801100730895996
0,10000,10000,0.018950939178466797,0.10182738304138184,0.10765337944030762
0,10000,10000,0.018938064575195312,0.10157966613769531,0.10805630683898926
0,10000,10000,0.019074201583862305,0.10192227363586426,0.10778975486755371
0,10000,10000,0.018790483474731445,0.10158562660217285,0.1079568862915039
0,10000,10000,0.01878046989440918,0.1018218994140625,0.10777020454406738
0,10000,10000,0.0188143253326416,0.10190176963806152,0.10772514343261719
0,10000,10000,0.018767833709716797,0.10203266143798828,0.10760164260864258
0,10000,10000,0.018780231475830078,0.10191559791564941,0.10850381851196289
0,10000,10000,0.01878833770751953,0.10214591026306152,0.1076352596282959
0,10000,10000,0.019402027130126953,0.10205483436584473,0.10856246948242188
0,10000,10000,0.019559860229492188,0.10281777381896973,0.10773587226867676
0,10000,10000,0.019093990325927734,0.1017158031463623,0.10844922065734863
0,10000,10000,0.018990755081176758,0.10245060920715332,0.10783243179321289
0,10000,10000,0.018998384475708008,0.10264897346496582,0.10798430442810059
0,10000,10000,0.01923656463623047,0.1056206226348877,0.1076056957244873
0,10000,10000,0.019618511199951172,0.10270404815673828,0.10763359069824219
0,10000,10000,0.019123554229736328,0.10569953918457031,0.10814619064331055
0,10000,10000,0.01916646957397461,0.10283565521240234,0.10774612426757812
0,10000,10000,0.019427776336669922,0.10427665710449219,0.10761427879333496
0,10000,10000,0.019346952438354492,0.1027216911315918,0.10807991027832031
0,10000,10000,0.018964767456054688,0.10271167755126953,0.10800552368164062
0,10000,10000,0.019041061401367188,0.10283541679382324,0.10769128799438477
0,10000,10000,0.019641399383544922,0.10252070426940918,0.10777020454406738
0,10000,10000,0.018975257873535156,0.10283684730529785,0.10812520980834961
0,10000,10000,0.019634723663330078,0.10240769386291504,0.10799407958984375
0,10000,10000,0.019018173217773438,0.10286283493041992,0.1080636978149414
0,10000,10000,0.019028663635253906,0.1025078296661377,0.1076667308807373
0,10000,10000,0.019342422485351562,0.102783203125,0.10793590545654297
0,10000,10000,0.0196225643157959,0.10259771347045898,0.10783004760742188
0,10000,10000,0.019727706909179688,0.10287237167358398,0.10860133171081543
0,10000,10000,0.019784927368164062,0.10236454010009766,0.10782957077026367
0,10000,10000,0.019769906997680664,0.10264110565185547,0.10865950584411621
0,10000,10000,0.019626617431640625,0.1024007797241211,0.10785317420959473
0,10000,10000,0.019639253616333008,0.10281944274902344,0.10824060440063477
0,10000,10000,0.019263744354248047,0.10233068466186523,0.10808444023132324
0,10000,10000,0.01923346519470215,0.10294890403747559,0.10803508758544922
0,10000,10000,0.01925349235534668,0.10315823554992676,0.10745024681091309
0,10000,10000,0.019344806671142578,0.10276055335998535,0.10792708396911621
0,10000,10000,0.019264936447143555,0.10306930541992188,0.10772180557250977
0,10000,10000,0.019535541534423828,0.10270023345947266,0.10790252685546875
0,10000,10000,0.020000457763671875,0.1036067008972168,0.1076810359954834
0,10000,10000,0.01937723159790039,0.10337305068969727,0.10790467262268066
0,10000,10000,0.019880056381225586,0.10242676734924316,0.10743117332458496
0,10000,10000,0.01937413215637207,0.10259270668029785,0.10815954208374023
0,10000,10000,0.01924920082092285,0.10259699821472168,0.10760617256164551
0,10000,10000,0.019471168518066406,0.10300564765930176,0.10764861106872559
0,10000,10000,0.01954030990600586,0.10261082649230957,0.10761547088623047
0,10000,10000,0.019561052322387695,0.10214781761169434,0.10798001289367676
0,10000,10000,0.020211458206176758,0.10216474533081055,0.10787630081176758
0,10000,10000,0.01949143409729004,0.10213088989257812,0.10766315460205078
0,10000,10000,0.01939082145690918,0.10218238830566406,0.1073160171508789
0,10000,10000,0.019512176513671875,0.10253047943115234,0.10799431800842285
0,10000,10000,0.019469261169433594,0.10222530364990234,0.10793137550354004
0,10000,10000,0.01937079429626465,0.10199618339538574,0.10842132568359375
0,10000,10000,0.01936650276184082,0.10201525688171387,0.1077725887298584
0,10000,10000,0.019414186477661133,0.1018681526184082,0.10776972770690918
0,10000,10000,0.01951766014099121,0.10258603096008301,0.10784077644348145
0,10000,10000,0.019371747970581055,0.10191798210144043,0.10768485069274902
0,10000,10000,0.019227266311645508,0.10215997695922852,0.10774779319763184
0,10000,10000,0.019273996353149414,0.10352253913879395,0.10859847068786621
0,10000,10000,0.019344568252563477,0.10231637954711914,0.10785245895385742
0,10000,10000,0.019273042678833008,0.10271286964416504,0.10796833038330078
0,10000,10000,0.019247770309448242,0.10307645797729492,0.10779333114624023
0,10000,10000,0.0193023681640625,0.10259437561035156,0.10784459114074707
0,10000,10000,0.019307851791381836,0.10320568084716797,0.10749983787536621
0,10000,10000,0.01927947998046875,0.10269522666931152,0.10772919654846191
0,10000,10000,0.02006983757019043,0.10269498825073242,0.10769343376159668
0,10000,10000,0.019251585006713867,0.10282421112060547,0.10803055763244629
0,10000,10000,0.0193784236907959,0.10249900817871094,0.10783958435058594
0,10000,10000,0.019760847091674805,0.1025698184967041,0.10742521286010742
0,10000,10000,0.019916772842407227,0.10234642028808594,0.10780668258666992
0,10000,10000,0.01998591423034668,0.10236716270446777,0.10868120193481445
0,10000,10000,0.019942283630371094,0.10221743583679199,0.10744547843933105
0,10000,10000,0.0195615291595459,0.10228896141052246,0.10852646827697754
0,10000,10000,0.019548654556274414,0.10213565826416016,0.10752177238464355
0,10000,10000,0.019444704055786133,0.10198760032653809,0.10852336883544922
0,10000,10000,0.019385814666748047,0.10189437866210938,0.10781002044677734
0,10000,10000,0.0194857120513916,0.10247993469238281,0.10784435272216797
0,10000,10000,0.019288063049316406,0.10255956649780273,0.1077580451965332
0,10000,10000,0.01927661895751953,0.10459089279174805,0.10801243782043457
0,10000,10000,0.020157814025878906,0.10280346870422363,0.10819339752197266
0,10000,10000,0.019560813903808594,0.10249209403991699,0.10777783393859863
0,10000,10000,0.019594430923461914,0.10240817070007324,0.1086893081665039
0,10000,10000,0.019505977630615234,0.10255312919616699,0.10779762268066406
0,10000,10000,0.019643068313598633,0.10251259803771973,0.10837316513061523
0,10000,10000,0.019564151763916016,0.10260581970214844,0.10771298408508301
0,10000,10000,0.019704103469848633,0.1031801700592041,0.10744738578796387
0,10000,10000,0.01955103874206543,0.10251998901367188,0.10866260528564453
0,10000,10000,0.01956033706665039,0.10321950912475586,0.107879638671875
0,10000,10000,0.019564151763916016,0.10238265991210938,0.10780811309814453
0,10000,10000,0.019541025161743164,0.10307955741882324,0.10776376724243164
0,10000,10000,0.01956462860107422,0.10257840156555176,0.10791850090026855
0,10000,10000,0.01977849006652832,0.10302519798278809,0.10788798332214355
0,10000,10000,0.01951289176940918,0.10242605209350586,0.10770559310913086
0,10000,10000,0.01957225799560547,0.1027061939239502,0.10770297050476074
0,10000,10000,0.019547462463378906,0.10250973701477051,0.10866212844848633
0,10000,10000,0.019505739212036133,0.10380411148071289,0.10777616500854492
0,10000,10000,0.019520044326782227,0.1025843620300293,0.10841703414916992
0,10000,10000,0.019539833068847656,0.10267901420593262,0.10778236389160156
0,10000,10000,0.01966381072998047,0.10253763198852539,0.10857248306274414
0,10000,10000,0.019490480422973633,0.10259580612182617,0.10767340660095215
0,10000,10000,0.019576311111450195,0.10271739959716797,0.10855722427368164
0,10000,10000,0.0198361873626709,0.10252904891967773,0.10773539543151855
0,10000,10000,0.019530773162841797,0.1033182144165039,0.10800814628601074
0,10000,10000,0.019840478897094727,0.10464596748352051,0.10784554481506348
0,10000,10000,0.019541501998901367,0.10420346260070801,0.1074228286743164
0,10000,10000,0.019533872604370117,0.10235142707824707,0.10777807235717773
0,10000,10000,0.019577980041503906,0.1042168140411377,0.10783052444458008
0,10000,10000,0.019559621810913086,0.10265350341796875,0.10762786865234375
0,10000,10000,0.01949310302734375,0.10314655303955078,0.10771918296813965
0,10000,10000,0.019601821899414062,0.10238146781921387,0.10780763626098633
0,10000,10000,0.019527196884155273,0.10297870635986328,0.10794854164123535
0,10000,10000,0.019527435302734375,0.10250306129455566,0.10831236839294434
0,10000,10000,0.01952815055847168,0.10282659530639648,0.10770606994628906
0,10000,10000,0.01954507827758789,0.10248637199401855,0.10773777961730957
0,10000,10000,0.019556283950805664,0.10362768173217773,0.1082453727722168
0,10000,10000,0.01954483985900879,0.10219645500183105,0.10782480239868164
0,10000,10000,0.01954817771911621,0.10460615158081055,0.10735893249511719
0,10000,10000,0.01959061622619629,0.10222339630126953,0.107574462890625
0,10000,10000,0.019513845443725586,0.10346651077270508,0.10757803916931152
0,10000,10000,0.019551753997802734,0.10441923141479492,0.10773849487304688
0,10000,10000,0.019469738006591797,0.10155820846557617,0.10780620574951172
0,10000,10000,0.01946258544921875,0.10146570205688477,0.10826444625854492
0,10000,10000,0.019344806671142578,0.10167384147644043,0.10768413543701172
0,10000,10000,0.019278764724731445,0.10144758224487305,0.10773539543151855
0,10000,10000,0.019425153732299805,0.10183167457580566,0.1077413558959961
0,10000,10000,0.019202709197998047,0.10126137733459473,0.1076362133026123
0,10000,10000,0.0191190242767334,0.10227847099304199,0.10761857032775879
0,10000,10000,0.019128799438476562,0.10165953636169434,0.1077117919921875
0,10000,10000,0.019086360931396484,0.10266733169555664,0.10776567459106445
0,10000,10000,0.019138574600219727,0.10198545455932617,0.10782790184020996
0,10000,10000,0.01909637451171875,0.10294508934020996,0.10764479637145996
0,10000,10000,0.019695520401000977,0.10170531272888184,0.10761642456054688
0,10000,10000,0.019969701766967773,0.10263395309448242,0.10765361785888672
0,10000,10000,0.019428014755249023,0.10161638259887695,0.10780477523803711
0,10000,10000,0.02012491226196289,0.10187792778015137,0.10771298408508301
0,10000,10000,0.01952219009399414,0.10185575485229492,0.10790157318115234
0,10000,10000,0.020203351974487305,0.10188913345336914,0.10761260986328125
0,10000,10000,0.019565582275390625,0.10159420967102051,0.10798478126525879
0,10000,10000,0.019397497177124023,0.10178613662719727,0.10777997970581055
0,10000,10000,0.019407033920288086,0.10262560844421387,0.1086111068725586
0,10000,10000,0.019368410110473633,0.1017305850982666,0.10760664939880371
0,10000,10000,0.019441604614257812,0.10258364677429199,0.1079244613647461
0,10000,10000,0.0195004940032959,0.10242438316345215,0.10788559913635254
0,10000,10000,0.019393444061279297,0.10153937339782715,0.1077265739440918
0,10000,10000,0.019423484802246094,0.10230565071105957,0.10775184631347656
0,10000,10000,0.019329071044921875,0.10161781311035156,0.10789227485656738
0,10000,10000,0.0194549560546875,0.10232067108154297,0.10790610313415527
0,10000,10000,0.019263505935668945,0.10309147834777832,0.10800313949584961
0,10000,10000,0.019475936889648438,0.10272884368896484,0.10769438743591309
0,10000,10000,0.019227027893066406,0.10215878486633301,0.10793042182922363
0,10000,10000,0.019988536834716797,0.10301804542541504,0.10788607597351074
0,10000,10000,0.019304752349853516,0.10367870330810547,0.10857081413269043
0,10000,10000,0.019425392150878906,0.10239887237548828,0.10744619369506836
0,10000,10000,0.019904375076293945,0.10234284400939941,0.1075584888458252
0,10000,10000,0.01992964744567871,0.10286068916320801,0.10774612426757812
0,10000,10000,0.0198361873626709,0.1021263599395752,0.10791540145874023
0,10000,10000,0.020329713821411133,0.10215997695922852,0.10773515701293945
0,10000,10000,0.019644498825073242,0.10229158401489258,0.10808849334716797
0,10000,10000,0.019428491592407227,0.10212159156799316,0.10786581039428711
0,10000,10000,0.01947760581970215,0.10191893577575684,0.10863566398620605
0,10000,10000,0.019519329071044922,0.10207843780517578,0.10756969451904297
0,10000,10000,0.01950860023498535,0.10179948806762695,0.10834360122680664
0,10000,10000,0.019513368606567383,0.10196042060852051,0.1078193187713623
0,10000,10000,0.019272565841674805,0.10210466384887695,0.1087338924407959
0,10000,10000,0.01924586296081543,0.10228204727172852,0.10805273056030273
0,10000,10000,0.019263744354248047,0.10214376449584961,0.10863089561462402
0,10000,10000,0.01956772804260254,0.10278487205505371,0.10810065269470215
0,10000,10000,0.019278526306152344,0.1023409366607666,0.10797953605651855
0,10000,10000,0.019263267517089844,0.10341835021972656,0.10794258117675781
0,10000,10000,0.019332170486450195,0.1024630069732666,0.10831332206726074
0,10000,10000,0.01933145523071289,0.10335111618041992,0.1078488826751709
0,10000,10000,0.01952981948852539,0.10231161117553711,0.10864019393920898
0,10000,10000,0.01954483985900879,0.10256266593933105,0.10770821571350098
0,10000,10000,0.019585132598876953,0.10237789154052734,0.1080162525177002
0,10000,10000,0.01954364776611328,0.10252571105957031,0.10803818702697754
0,10000,10000,0.020204782485961914,0.10231208801269531,0.1081540584564209
0,10000,10000,0.019566059112548828,0.1025550365447998,0.1075587272644043
0,10000,10000,0.019580364227294922,0.10236167907714844,0.10796737670898438
0,10000,10000,0.019615650177001953,0.1041409969329834,0.10841798782348633
0,10000,10000,0.019534826278686523,0.10242652893066406,0.10777091979980469
0,10000,10000,0.0195159912109375,0.10241341590881348,0.10832047462463379
0,10000,10000,0.019556760787963867,0.10225129127502441,0.1077878475189209
0,10000,10000,0.019631624221801758,0.10213232040405273,0.10773992538452148
0,10000,10000,0.019560813903808594,0.10209488868713379,0.10803580284118652
0,10000,10000,0.019390583038330078,0.10194110870361328,0.10834074020385742
0,10000,10000,0.01937103271484375,0.10274600982666016,0.10780858993530273
0,10000,10000,0.019349336624145508,0.10183262825012207,0.1082603931427002
0,10000,10000,0.019250154495239258,0.10239648818969727,0.10797405242919922
0,10000,10000,0.01923060417175293,0.10322070121765137,0.10769510269165039
0,10000,10000,0.019258737564086914,0.1027214527130127,0.10801863670349121
0,10000,10000,0.019542455673217773,0.10274815559387207,0.10783171653747559
0,10000,10000,0.019426345825195312,0.10183095932006836,0.10854792594909668
0,10000,10000,0.019463062286376953,0.10210609436035156,0.10772204399108887
0,10000,10000,0.019425153732299805,0.10185050964355469,0.10786271095275879
0,10000,10000,0.019433259963989258,0.10376667976379395,0.10745835304260254
0,10000,10000,0.019378185272216797,0.10182881355285645,0.1079859733581543
0,10000,10000,0.01939845085144043,0.10261940956115723,0.10774946212768555
0,10000,10000,0.019408464431762695,0.10186290740966797,0.10784244537353516
0,10000,10000,0.020030498504638672,0.10197043418884277,0.1078181266784668
0,10000,10000,0.0194399356842041,0.10185098648071289,0.10814642906188965
0,10000,10000,0.01947474479675293,0.10215163230895996,0.10735917091369629
0,10000,10000,0.01938009262084961,0.101715087890625,0.10798835754394531
0,10000,10000,0.019405841827392578,0.10193371772766113,0.10793328285217285
0,10000,10000,0.019371747970581055,0.10387420654296875,0.10856342315673828
0,10000,10000,0.019382715225219727,0.1031348705291748,0.10768842697143555
0,10000,10000,0.019395112991333008,0.10182046890258789,0.10787272453308105
0,10000,10000,0.019362211227416992,0.10286521911621094,0.10790491104125977
0,10000,10000,0.019378185272216797,0.10163664817810059,0.10795378684997559
0,10000,10000,0.019441843032836914,0.10257625579833984,0.10774493217468262
0,10000,10000,0.01942753791809082,0.10163307189941406,0.10783863067626953
0,10000,10000,0.019314050674438477,0.10256385803222656,0.1079411506652832
0,10000,10000,0.019330501556396484,0.102447509765625,0.10792207717895508
0,10000,10000,0.01931619644165039,0.10337209701538086,0.10767292976379395
0,10000,10000,0.019440650939941406,0.10280275344848633,0.10800409317016602
0,10000,10000,0.019934415817260742,0.10271430015563965,0.10810041427612305
0,10000,10000,0.019266366958618164,0.10273051261901855,0.10801362991333008
0,10000,10000,0.01927042007446289,0.10284757614135742,0.10795974731445312
0,10000,10000,0.019262075424194336,0.10254597663879395,0.1078345775604248
0,10000,10000,0.01952528953552246,0.10248112678527832,0.10810184478759766
0,10000,10000,0.01967787742614746,0.10288429260253906,0.10838675498962402
0,10000,10000,0.020302534103393555,0.10242748260498047,0.1082150936126709
0,10000,10000,0.019681930541992188,0.1024622917175293,0.10799646377563477
0,10000,10000,0.020496368408203125,0.10247468948364258,0.10796499252319336
0,10000,10000,0.019913434982299805,0.10265564918518066,0.10799741744995117
0,10000,10000,0.019913196563720703,0.10265827178955078,0.10764718055725098
0,10000,10000,0.019991159439086914,0.10467171669006348,0.10852217674255371
0,10000,10000,0.019946575164794922,0.10247993469238281,0.10777807235717773
0,10000,10000,0.01996326446533203,0.10259056091308594,0.10876345634460449
0,10000,10000,0.02005624771118164,0.10253763198852539,0.10787105560302734
0,10000,10000,0.020188331604003906,0.10230708122253418,0.1077573299407959
0,10000,10000,0.019970178604125977,0.10295343399047852,0.10773992538452148
0,10000,10000,0.019910812377929688,0.10262393951416016,0.10793137550354004
0,10000,10000,0.020014524459838867,0.10312557220458984,0.10762882232666016
0,10000,10000,0.019974470138549805,0.1022493839263916,0.10758304595947266
0,10000,10000,0.01963520050048828,0.10311579704284668,0.10800981521606445
0,10000,10000,0.019717931747436523,0.10241532325744629,0.10785698890686035
0,10000,10000,0.01956009864807129,0.10291099548339844,0.10753345489501953
0,10000,10000,0.019657135009765625,0.1020193099975586,0.10785675048828125
0,10000,10000,0.019648313522338867,0.1026315689086914,0.10791373252868652
0,10000,10000,0.019669532775878906,0.10174775123596191,0.10801815986633301
0,10000,10000,0.020373106002807617,0.10171842575073242,0.10773706436157227
0,10000,10000,0.019888639450073242,0.10159873962402344,0.10778045654296875
0,10000,10000,0.020456790924072266,0.10174703598022461,0.1078786849975586
0,10000,10000,0.01976776123046875,0.10122895240783691,0.10791850090026855
0,10000,10000,0.019809722900390625,0.10140824317932129,0.10757732391357422
0,10000,10000,0.019139528274536133,0.10161209106445312,0.10794520378112793
0,10000,10000,0.019347190856933594,0.10194897651672363,0.1078786849975586
0,10000,10000,0.0195159912109375,0.1018991470336914,0.10856890678405762
0,10000,10000,0.019590139389038086,0.10211372375488281,0.10757732391357422
0,10000,10000,0.01972055435180664,0.10215020179748535,0.10915231704711914
0,10000,10000,0.019512653350830078,0.10232949256896973,0.1077568531036377
0,10000,10000,0.019359111785888672,0.10222387313842773,0.10868978500366211
0,10000,10000,0.019271135330200195,0.10241389274597168,0.10773825645446777
0,10000,10000,0.01926255226135254,0.1028897762298584,0.10856914520263672
0,10000,10000,0.019275426864624023,0.10240578651428223,0.10789680480957031
0,10000,10000,0.01929163932800293,0.10321569442749023,0.1085810661315918
0,10000,10000,0.01925039291381836,0.10246777534484863,0.10773110389709473
0,10000,10000,0.019635677337646484,0.10277414321899414,0.10792994499206543
0,10000,10000,0.019467592239379883,0.10219907760620117,0.10796785354614258
0,10000,10000,0.019458532333374023,0.10269689559936523,0.10791540145874023
0,10000,10000,0.01937079429626465,0.1020505428314209,0.10758471488952637
0,10000,10000,0.020026445388793945,0.10213470458984375,0.10776162147521973
0,10000,10000,0.019408226013183594,0.1019895076751709,0.10767388343811035
0,10000,10000,0.019454002380371094,0.10300564765930176,0.10792350769042969
0,10000,10000,0.019400835037231445,0.10394430160522461,0.10782194137573242
0,10000,10000,0.019405364990234375,0.1016988754272461,0.10770225524902344
0,10000,10000,0.01939249038696289,0.10401439666748047,0.1080007553100586
0,10000,10000,0.019385814666748047,0.10156869888305664,0.10823988914489746
0,10000,10000,0.019420385360717773,0.10505843162536621,0.10840034484863281
0,10000,10000,0.019426345825195312,0.10148978233337402,0.1080465316772461
0,10000,10000,0.019365549087524414,0.10552096366882324,0.10782837867736816
0,10000,10000,0.019254446029663086,0.10260367393493652,0.10794973373413086
0,10000,10000,0.01924920082092285,0.10557794570922852,0.10771536827087402
0,10000,10000,0.019231081008911133,0.1027078628540039,0.1079401969909668
0,10000,10000,0.019463062286376953,0.10345840454101562,0.10749053955078125
0,10000,10000,0.019948720932006836,0.10249733924865723,0.10775470733642578
0,10000,10000,0.01991581916809082,0.1054685115814209,0.10793685913085938
0,10000,10000,0.019541501998901367,0.1025228500366211,0.10794901847839355
0,10000,10000,0.01954174041748047,0.10481762886047363,0.10779953002929688
0,10000,10000,0.0195770263671875,0.10345888137817383,0.10857725143432617
0,10000,10000,0.01956772804260254,0.10515499114990234,0.1078176498413086
0,10000,10000,0.019487619400024414,0.10467839241027832,0.10856771469116211
0,10000,10000,0.01952958106994629,0.10461711883544922,0.10792183876037598
0,10000,10000,0.019471406936645508,0.10319399833679199,0.1080174446105957
0,10000,10000,0.019602537155151367,0.10469341278076172,0.10756206512451172
0,10000,10000,0.019559860229492188,0.10317134857177734,0.10799980163574219
0,10000,10000,0.019505739212036133,0.10247540473937988,0.10752105712890625
0,10000,10000,0.019694089889526367,0.10300922393798828,0.10775971412658691
0,10000,10000,0.01964259147644043,0.10253548622131348,0.10767936706542969
0,10000,10000,0.01951766014099121,0.10284638404846191,0.10787200927734375
0,10000,10000,0.019568443298339844,0.10340547561645508,0.1082463264465332
0,10000,10000,0.019533157348632812,0.10187506675720215,0.10789608955383301
0,10000,10000,0.019429683685302734,0.10211753845214844,0.10813689231872559
0,10000,10000,0.0193479061126709,0.10195207595825195,0.10772538185119629
0,10000,10000,0.019432544708251953,0.10200738906860352,0.10786604881286621
0,10000,10000,0.019484519958496094,0.1023707389831543,0.10804438591003418
0,10000,10000,0.019507408142089844,0.10195255279541016,0.10752391815185547
0,10000,10000,0.01940131187438965,0.1022024154663086,0.10763287544250488
0,10000,10000,0.0195925235748291,0.10167932510375977,0.10798406600952148
0,10000,10000,0.019262313842773438,0.10348963737487793,0.10804200172424316
0,10000,10000,0.019293785095214844,0.10276246070861816,0.10801482200622559
0,10000,10000,0.020005226135253906,0.10407304763793945,0.10756897926330566
0,10000,10000,0.019806861877441406,0.10260343551635742,0.10792946815490723
0,10000,10000,0.019628286361694336,0.10618400573730469,0.10794830322265625
0,10000,10000,0.019545555114746094,0.10254979133605957,0.1074223518371582
0,10000,10000,0.020197153091430664,0.10253190994262695,0.10793328285217285
0,10000,10000,0.019521236419677734,0.1025853157043457,0.10788774490356445
0,10000,10000,0.01957225799560547,0.10254073143005371,0.1082613468170166
0,10000,10000,0.01966404914855957,0.10262632369995117,0.10775518417358398
0,10000,10000,0.019692420959472656,0.10261869430541992,0.10809659957885742
0,10000,10000,0.01954793930053711,0.10266637802124023,0.10855722427368164
0,10000,10000,0.019570112228393555,0.10248208045959473,0.10803985595703125
0,10000,10000,0.019618988037109375,0.10250425338745117,0.10858917236328125
0,10000,10000,0.019498348236083984,0.10247635841369629,0.10790348052978516
0,10000,10000,0.019661664962768555,0.1035616397857666,0.10877561569213867
0,10000,10000,0.0197603702545166,0.10250544548034668,0.10767483711242676
0,10000,10000,0.01967024803161621,0.10253787040710449,0.10824131965637207
0,10000,10000,0.01956796646118164,0.10234951972961426,0.10813546180725098
0,10000,10000,0.01963043212890625,0.10347723960876465,0.10817718505859375
0,10000,10000,0.019511699676513672,0.10244011878967285,0.10798811912536621
0,10000,10000,0.01967620849609375,0.10344433784484863,0.10740447044372559
0,10000,10000,0.019527912139892578,0.1023111343383789,0.10814332962036133
0,10000,10000,0.01959514617919922,0.10427093505859375,0.1080622673034668
0,10000,10000,0.019530057907104492,0.1026153564453125,0.10783123970031738
0,10000,10000,0.01952981948852539,0.10326790809631348,0.10770583152770996
0,10000,10000,0.01958608627319336,0.10249996185302734,0.10787010192871094
0,10000,10000,0.02018904685974121,0.10262942314147949,0.10770511627197266
0,10000,10000,0.019613027572631836,0.10266900062561035,0.10836553573608398
0,10000,10000,0.019558191299438477,0.10268068313598633,0.10782408714294434
0,10000,10000,0.019690752029418945,0.10239386558532715,0.10799407958984375
0,10000,10000,0.019483327865600586,0.10292720794677734,0.10820317268371582
0,10000,10000,0.01956653594970703,0.10245490074157715,0.10882210731506348
0,10000,10000,0.01985454559326172,0.10249710083007812,0.10794305801391602
0,10000,10000,0.019496917724609375,0.10242986679077148,0.10801362991333008
0,10000,10000,0.020351409912109375,0.1028282642364502,0.10764026641845703
0,10000,10000,0.019741058349609375,0.10239577293395996,0.10795283317565918
0,10000,10000,0.019511699676513672,0.10242152214050293,0.1076192855834961
0,10000,10000,0.019554615020751953,0.10232400894165039,0.10856318473815918
0,10000,10000,0.019512653350830078,0.10270929336547852,0.10781049728393555
0,10000,10000,0.019640445709228516,0.10228872299194336,0.10871315002441406
0,10000,10000,0.019584178924560547,0.10272884368896484,0.10760092735290527
0,10000,10000,0.019515514373779297,0.10248732566833496,0.10887503623962402
0,10000,10000,0.019640207290649414,0.10224199295043945,0.10757565498352051
0,10000,10000,0.019521474838256836,0.1023404598236084,0.10790443420410156
0,10000,10000,0.019510746002197266,0.10294175148010254,0.10722994804382324
0,10000,10000,0.019819021224975586,0.10214352607727051,0.10776257514953613
0,10000,10000,0.019475460052490234,0.10282683372497559,0.10774683952331543
0,10000,10000,0.019599437713623047,0.1020967960357666,0.1078333854675293
0,10000,10000,0.02018260955810547,0.10224747657775879,0.10770249366760254
0,10000,10000,0.019576072692871094,0.10224175453186035,0.1076970100402832
0,10000,10000,0.01951742172241211,0.10201311111450195,0.10745954513549805
0,10000,10000,0.01938605308532715,0.10281777381896973,0.10841059684753418
0,10000,10000,0.019371986389160156,0.10157966613769531,0.10761094093322754
0,10000,10000,0.019366741180419922,0.10135579109191895,0.10777950286865234
0,10000,10000,0.019474506378173828,0.1020352840423584,0.10753893852233887
0,10000,10000,0.019205331802368164,0.101287841796875,0.10784244537353516
0,10000,10000,0.019037485122680664,0.1017613410949707,0.10734224319458008
0,10000,10000,0.018962860107421875,0.10208773612976074,0.10871505737304688
0,10000,10000,0.019010305404663086,0.10268592834472656,0.10772562026977539
0,10000,10000,0.01896071434020996,0.1033165454864502,0.10843849182128906
0,10000,10000,0.01917886734008789,0.10256457328796387,0.10776877403259277
0,10000,10000,0.01963019371032715,0.10238313674926758,0.10778975486755371
0,10000,10000,0.020285367965698242,0.10271716117858887,0.10777449607849121
0,10000,10000,0.01982283592224121,0.10191154479980469,0.10778641700744629
0,10000,10000,0.019638776779174805,0.10280632972717285,0.10757827758789062
0,10000,10000,0.01935863494873047,0.10194253921508789,0.10780811309814453
0,10000,10000,0.019448518753051758,0.10262012481689453,0.107666015625
0,10000,10000,0.019352197647094727,0.10202360153198242,0.10787773132324219
0,10000,10000,0.02024555206298828,0.10197114944458008,0.10764455795288086
0,10000,10000,0.019395828247070312,0.10183310508728027,0.10788321495056152
0,10000,10000,0.0194399356842041,0.10192561149597168,0.10767769813537598
0,10000,10000,0.019407987594604492,0.10176920890808105,0.10791897773742676
0,10000,10000,0.019529104232788086,0.10226869583129883,0.10772824287414551
0,10000,10000,0.019505739212036133,0.10181117057800293,0.10858511924743652
0,10000,10000,0.01939702033996582,0.10217046737670898,0.10786247253417969
0,10000,10000,0.01939249038696289,0.10171866416931152,0.10865473747253418
0,10000,10000,0.0193936824798584,0.10194826126098633,0.10764789581298828
0,10000,10000,0.01941823959350586,0.10164284706115723,0.10787463188171387
0,10000,10000,0.01945352554321289,0.10271668434143066,0.10790348052978516
0,10000,10000,0.01938009262084961,0.10167407989501953,0.10788488388061523
0,10000,10000,0.019406795501708984,0.10260534286499023,0.10793924331665039
0,10000,10000,0.01940631866455078,0.10147547721862793,0.10787796974182129
0,10000,10000,0.020319700241088867,0.10175561904907227,0.10808086395263672
0,10000,10000,0.019434452056884766,0.10265445709228516,0.10784792900085449
0,10000,10000,0.01933121681213379,0.10200190544128418,0.1078486442565918
0,10000,10000,0.019429445266723633,0.10227441787719727,0.10788130760192871
0,10000,10000,0.01921248435974121,0.10232686996459961,0.1080012321472168
0,10000,10000,0.01926255226135254,0.10234522819519043,0.10771393775939941
0,10000,10000,0.019222259521484375,0.10435342788696289,0.10782146453857422
0,10000,10000,0.01932239532470703,0.10244870185852051,0.10772132873535156
0,10000,10000,0.019298076629638672,0.10670161247253418,0.1080169677734375
0,10000,10000,0.0194091796875,0.10246896743774414,0.10810971260070801
0,10000,10000,0.019509553909301758,0.10331511497497559,0.10777950286865234
0,10000,10000,0.01924896240234375,0.10251426696777344,0.10783123970031738
0,10000,10000,0.019913196563720703,0.10287117958068848,0.10813045501708984
0,10000,10000,0.019701719284057617,0.1024312973022461,0.10789012908935547
0,10000,10000,0.019991397857666016,0.10257291793823242,0.10765957832336426
0,10000,10000,0.019920825958251953,0.10272789001464844,0.10860013961791992
0,10000,10000,0.019535064697265625,0.10250639915466309,0.10799908638000488
0,10000,10000,0.019634008407592773,0.10309028625488281,0.1079254150390625
0,10000,10000,0.019551515579223633,0.10246515274047852,0.10789656639099121
0,10000,10000,0.019686222076416016,0.10319399833679199,0.1079709529876709
0,10000,10000,0.019587278366088867,0.10259199142456055,0.10799098014831543
0,10000,10000,0.019544363021850586,0.10332703590393066,0.10817313194274902
0,10000,10000,0.019527196884155273,0.1025245189666748,0.10779571533203125
0,10000,10000,0.01958441734313965,0.10326504707336426,0.10807132720947266
0,10000,10000,0.01969766616821289,0.10237526893615723,0.10811996459960938
0,10000,10000,0.020317792892456055,0.1036067008972168,0.10823869705200195
0,10000,10000,0.019544124603271484,0.10252809524536133,0.10768365859985352
0,10000,10000,0.01980447769165039,0.10367417335510254,0.10781574249267578
0,10000,10000,0.01949763298034668,0.10242676734924316,0.10860252380371094
0,10000,10000,0.019543886184692383,0.10244441032409668,0.10784196853637695
0,10000,10000,0.01968097686767578,0.10268497467041016,0.1083686351776123
0,10000,10000,0.019551753997802734,0.10236287117004395,0.10766410827636719
0,10000,10000,0.019547462463378906,0.10257220268249512,0.10764694213867188
0,10000,10000,0.019472599029541016,0.10470867156982422,0.10799789428710938
0,10000,10000,0.01949167251586914,0.10217523574829102,0.10829377174377441
0,10000,10000,0.01949334144592285,0.10215520858764648,0.10770606994628906
0,10000,10000,0.019449949264526367,0.10199737548828125,0.10775303840637207
0,10000,10000,0.019431352615356445,0.10524964332580566,0.10784578323364258
0,10000,10000,0.019536495208740234,0.10179638862609863,0.10810971260070801
0,10000,10000,0.020064115524291992,0.10277676582336426,0.10796332359313965
0,10000,10000,0.01941657066345215,0.10190987586975098,0.10787248611450195
0,10000,10000,0.019591808319091797,0.10216164588928223,0.1077427864074707
0,10000,10000,0.01930975914001465,0.10245156288146973,0.10798859596252441
0,10000,10000,0.019289731979370117,0.10268807411193848,0.10785937309265137
0,10000,10000,0.019910097122192383,0.10469841957092285,0.10852527618408203
0,10000,10000,0.01959085464477539,0.10267472267150879,0.10806608200073242
0,10000,10000,0.019511938095092773,0.10314679145812988,0.10788631439208984
0,10000,10000,0.019556760787963867,0.10238027572631836,0.10784029960632324
0,10000,10000,0.020285367965698242,0.1024775505065918,0.10791230201721191
0,10000,10000,0.019700288772583008,0.1024484634399414,0.10768604278564453
0,10000,10000,0.01951146125793457,0.10503029823303223,0.10790896415710449
0,10000,10000,0.01954960823059082,0.10265159606933594,0.10854792594909668
0,10000,10000,0.0195310115814209,0.10513806343078613,0.10794544219970703
0,10000,10000,0.019531726837158203,0.10243344306945801,0.10855960845947266
0,10000,10000,0.01955699920654297,0.10279035568237305,0.10772514343261719
0,10000,10000,0.01975560188293457,0.10357117652893066,0.10782909393310547
0,10000,10000,0.019524812698364258,0.10368490219116211,0.10846924781799316
0,10000,10000,0.019461393356323242,0.10232305526733398,0.10782957077026367
0,10000,10000,0.019651412963867188,0.10257601737976074,0.10822820663452148
0,10000,10000,0.019536495208740234,0.10337948799133301,0.10769414901733398
0,10000,10000,0.01949763298034668,0.10274910926818848,0.10758090019226074
0,10000,10000,0.019545555114746094,0.10304665565490723,0.10779595375061035
0,10000,10000,0.019502878189086914,0.10253047943115234,0.10779714584350586
0,10000,10000,0.0195465087890625,0.10353279113769531,0.10792326927185059
0,10000,10000,0.019496679306030273,0.10209870338439941,0.10798931121826172
0,10000,10000,0.01952815055847168,0.10302948951721191,0.10802197456359863
0,10000,10000,0.019614219665527344,0.10231852531433105,0.10740852355957031
0,10000,10000,0.019527196884155273,0.10292696952819824,0.10771465301513672
0,10000,10000,0.01952362060546875,0.10212445259094238,0.10788106918334961
0,10000,10000,0.01958632469177246,0.10292625427246094,0.10794377326965332
0,10000,10000,0.01953125,0.10211610794067383,0.10773897171020508
0,10000,10000,0.020184993743896484,0.10228753089904785,0.1077268123626709
0,10000,10000,0.01953864097595215,0.10228395462036133,0.10771679878234863
0,10000,10000,0.019596099853515625,0.10219335556030273,0.10773801803588867
0,10000,10000,0.019588947296142578,0.10210490226745605,0.10785150527954102
0,10000,10000,0.0195767879486084,0.10225033760070801,0.10772299766540527
0,10000,10000,0.01957082748413086,0.10220718383789062,0.10768723487854004
0,10000,10000,0.01974630355834961,0.10242247581481934,0.10762715339660645
0,10000,10000,0.019689321517944336,0.10207939147949219,0.10849499702453613
0,10000,10000,0.019561290740966797,0.1021420955657959,0.10815167427062988
0,10000,10000,0.019654035568237305,0.10230588912963867,0.10855221748352051
0,10000,10000,0.019623279571533203,0.10215163230895996,0.10821175575256348
0,10000,10000,0.01958298683166504,0.10213899612426758,0.10831928253173828
0,10000,10000,0.019937515258789062,0.10599946975708008,0.10844874382019043
0,10000,10000,0.019524812698364258,0.1041710376739502,0.10782361030578613
0,10000,10000,0.019896507263183594,0.10270237922668457,0.1076200008392334
0,10000,10000,0.01943039894104004,0.1041567325592041,0.10745477676391602
0,10000,10000,0.01941657066345215,0.10253405570983887,0.10760259628295898
0,10000,10000,0.01942157745361328,0.10187578201293945,0.10795378684997559
0,10000,10000,0.01939988136291504,0.1025087833404541,0.10766124725341797
0,10000,10000,0.01938915252685547,0.10221743583679199,0.10756731033325195
0,10000,10000,0.01951742172241211,0.10238981246948242,0.10751724243164062
0,10000,10000,0.01948833465576172,0.10422039031982422,0.10768866539001465
0,10000,10000,0.01956796646118164,0.10234880447387695,0.10774040222167969
0,10000,10000,0.019565820693969727,0.10191512107849121,0.10742616653442383
0,10000,10000,0.01958608627319336,0.10210728645324707,0.10749411582946777
0,10000,10000,0.01945781707763672,0.10141158103942871,0.10756683349609375
0,10000,10000,0.019454002380371094,0.10182619094848633,0.10773777961730957
0,10000,10000,0.01944279670715332,0.10119795799255371,0.10758614540100098
0,10000,10000,0.019986629486083984,0.10105037689208984,0.10793900489807129
0,10000,10000,0.019133329391479492,0.10102248191833496,0.10771775245666504
0,10000,10000,0.01998424530029297,0.10135793685913086,0.1077568531036377
0,10000,10000,0.01911473274230957,0.10088181495666504,0.1076960563659668
0,10000,10000,0.01920795440673828,0.10083913803100586,0.10761666297912598
0,10000,10000,0.019113540649414062,0.10067081451416016,0.10777401924133301
0,10000,10000,0.019061803817749023,0.10183095932006836,0.10770797729492188
0,10000,10000,0.018962621688842773,0.10141468048095703,0.10738182067871094
0,10000,10000,0.01897883415222168,0.10200834274291992,0.10798811912536621
0,10000,10000,0.018973588943481445,0.10143017768859863,0.10800600051879883
0,10000,10000,0.019068002700805664,0.10214591026306152,0.10804629325866699
0,10000,10000,0.01926279067993164,0.1016387939453125,0.10774421691894531
0,10000,10000,0.019725322723388672,0.10126399993896484,0.10778307914733887
0,10000,10000,0.019274234771728516,0.10135769844055176,0.10762906074523926
0,10000,10000,0.019870281219482422,0.10116887092590332,0.10759735107421875
0,10000,10000,0.019155502319335938,0.10167217254638672,0.1075592041015625
0,10000,10000,0.01982259750366211,0.1017460823059082,0.10788130760192871
0,10000,10000,0.019183874130249023,0.10189700126647949,0.10773134231567383
0,10000,10000,0.01910114288330078,0.10177969932556152,0.1078798770904541
0,10000,10000,0.01919698715209961,0.10188674926757812,0.10759091377258301
0,10000,10000,0.019160985946655273,0.10398697853088379,0.10773658752441406
0,10000,10000,0.019301891326904297,0.10190153121948242,0.1083371639251709
0,10000,10000,0.019194602966308594,0.10382723808288574,0.10760903358459473
0,10000,10000,0.019179344177246094,0.10194778442382812,0.10814547538757324
0,10000,10000,0.019132614135742188,0.10406970977783203,0.1077115535736084
0,10000,10000,0.019199848175048828,0.1019752025604248,0.1082448959350586
0,10000,10000,0.01956772804260254,0.10368704795837402,0.10794663429260254
0,10000,10000,0.01977682113647461,0.10161566734313965,0.10820341110229492
0,10000,10000,0.01955389976501465,0.10341858863830566,0.10793900489807129
0,10000,10000,0.019275426864624023,0.1014566421508789,0.10842776298522949
0,10000,10000,0.01934075355529785,0.10124492645263672,0.10787391662597656
0,10000,10000,0.019385814666748047,0.10151147842407227,0.10817980766296387
0,10000,10000,0.01940155029296875,0.10126543045043945,0.10764813423156738
0,10000,10000,0.01938605308532715,0.10126686096191406,0.10837817192077637
0,10000,10000,0.019255399703979492,0.10110187530517578,0.10813403129577637
0,10000,10000,0.019243240356445312,0.10135817527770996,0.10818266868591309
0,10000,10000,0.019329309463500977,0.10099387168884277,0.10795974731445312
0,10000,10000,0.019260644912719727,0.10166406631469727,0.10791420936584473
0,10000,10000,0.019358396530151367,0.10086321830749512,0.10812115669250488
0,10000,10000,0.019243478775024414,0.10164380073547363,0.10791468620300293
0,10000,10000,0.019344091415405273,0.10305500030517578,0.10792350769042969
0,10000,10000,0.01925039291381836,0.10155463218688965,0.10816335678100586
0,10000,10000,0.019251585006713867,0.10324382781982422,0.108062744140625
0,10000,10000,0.019183874130249023,0.10178589820861816,0.10789251327514648
0,10000,10000,0.019123077392578125,0.10250973701477051,0.10795807838439941
0,10000,10000,0.019112586975097656,0.10209918022155762,0.10808324813842773
0,10000,10000,0.019163131713867188,0.10359382629394531,0.10801935195922852
0,10000,10000,0.01915884017944336,0.10288047790527344,0.10811161994934082
0,10000,10000,0.01948261260986328,0.10260415077209473,0.10867810249328613
0,10000,10000,0.01956033706665039,0.10280203819274902,0.10811424255371094
0,10000,10000,0.01971149444580078,0.10274791717529297,0.10817241668701172
0,10000,10000,0.019509077072143555,0.10266470909118652,0.10793614387512207
0,10000,10000,0.019263744354248047,0.10252761840820312,0.10776090621948242
0,10000,10000,0.019673824310302734,0.10321927070617676,0.10807204246520996
0,10000,10000,0.019327402114868164,0.10257267951965332,0.10792684555053711
0,10000,10000,0.019257545471191406,0.10322165489196777,0.10782408714294434
0,10000,10000,0.019321918487548828,0.10254430770874023,0.10791587829589844
0,10000,10000,0.0200350284576416,0.10271525382995605,0.10801434516906738
0,10000,10000,0.019289255142211914,0.10258007049560547,0.10772275924682617
0,10000,10000,0.019278287887573242,0.1026608943939209,0.10817241668701172
0,10000,10000,0.019234895706176758,0.10262870788574219,0.10773968696594238
0,10000,10000,0.019265174865722656,0.1038503646850586,0.10821700096130371
0,10000,10000,0.019579410552978516,0.10250592231750488,0.10787177085876465
0,10000,10000,0.019944429397583008,0.10334038734436035,0.10799241065979004
0,10000,10000,0.019893646240234375,0.10242962837219238,0.10768485069274902
0,10000,10000,0.01997971534729004,0.10538291931152344,0.10825753211975098
0,10000,10000,0.019947528839111328,0.10279417037963867,0.10784053802490234
0,10000,10000,0.01996326446533203,0.10541844367980957,0.10776615142822266
0,10000,10000,0.019893884658813477,0.10222291946411133,0.10748672485351562
0,10000,10000,0.020598173141479492,0.10263872146606445,0.10826992988586426
0,10000,10000,0.019869565963745117,0.10238838195800781,0.10782313346862793
0,10000,10000,0.019933462142944336,0.1047818660736084,0.10792422294616699
0,10000,10000,0.01975393295288086,0.10230851173400879,0.1076815128326416
0,10000,10000,0.01976919174194336,0.10236597061157227,0.10831046104431152
0,10000,10000,0.019568204879760742,0.10204100608825684,0.10850834846496582
0,10000,10000,0.01958012580871582,0.1023244857788086,0.10764503479003906
0,10000,10000,0.019475698471069336,0.10187792778015137,0.10817646980285645
0,10000,10000,0.019501686096191406,0.10427498817443848,0.10809087753295898
0,10000,10000,0.019353628158569336,0.10171627998352051,0.10852527618408203
0,10000,10000,0.019387245178222656,0.10188531875610352,0.10764145851135254
0,10000,10000,0.019391298294067383,0.10158634185791016,0.10846614837646484
0,10000,10000,0.019426345825195312,0.10488247871398926,0.10802984237670898
0,10000,10000,0.019287824630737305,0.10199761390686035,0.10855841636657715
0,10000,10000,0.019242048263549805,0.10371184349060059,0.10790705680847168
0,10000,10000,0.019286394119262695,0.10316324234008789,0.10791206359863281
0,10000,10000,0.019385814666748047,0.10399532318115234,0.10785627365112305
0,10000,10000,0.019437313079833984,0.10314607620239258,0.10784554481506348
0,10000,10000,0.019730091094970703,0.10347962379455566,0.10780167579650879
0,10000,10000,0.020208358764648438,0.1024160385131836,0.10770845413208008
0,10000,10000,0.01957225799560547,0.10249686241149902,0.10817503929138184
0,10000,10000,0.019559621810913086,0.10232901573181152,0.10776400566101074
0,10000,10000,0.01956963539123535,0.10276675224304199,0.10769844055175781
0,10000,10000,0.019553422927856445,0.10236859321594238,0.10775327682495117
0,10000,10000,0.019665956497192383,0.1025390625,0.10858964920043945
0,10000,10000,0.019557952880859375,0.10255932807922363,0.10768628120422363
0,10000,10000,0.01963520050048828,0.10269808769226074,0.10857200622558594
0,10000,10000,0.019494295120239258,0.10258054733276367,0.10777115821838379
0,10000,10000,0.01973700523376465,0.10322213172912598,0.10817623138427734
0,10000,10000,0.019490718841552734,0.10258603096008301,0.107757568359375
0,10000,10000,0.019629955291748047,0.10325336456298828,0.10808801651000977
0,10000,10000,0.019509315490722656,0.1025698184967041,0.10753059387207031
0,10000,10000,0.019735336303710938,0.10328125953674316,0.10813188552856445
0,10000,10000,0.01950359344482422,0.10250091552734375,0.10774636268615723
0,10000,10000,0.019565105438232422,0.10328006744384766,0.10785102844238281
0,10000,10000,0.019724607467651367,0.10232090950012207,0.10756111145019531
0,10000,10000,0.020241975784301758,0.10247540473937988,0.10814285278320312
0,10000,10000,0.01956963539123535,0.10236406326293945,0.10801553726196289
0,10000,10000,0.019528627395629883,0.10250377655029297,0.10811972618103027
0,10000,10000,0.019546985626220703,0.10242652893066406,0.10753893852233887
0,10000,10000,0.01959514617919922,0.10264301300048828,0.10837745666503906
0,10000,10000,0.019536972045898438,0.10242438316345215,0.10832357406616211
0,10000,10000,0.019596099853515625,0.10251927375793457,0.1080923080444336
0,10000,10000,0.019588470458984375,0.10244154930114746,0.10761189460754395
0,10000,10000,0.019536733627319336,0.10342979431152344,0.10807442665100098
0,10000,10000,0.019496440887451172,0.1026911735534668,0.10791349411010742
0,10000,10000,0.019579648971557617,0.10337543487548828,0.10763049125671387
0,10000,10000,0.019530057907104492,0.10256552696228027,0.10783553123474121
0,10000,10000,0.01952815055847168,0.10313081741333008,0.10799789428710938
0,10000,10000,0.01949596405029297,0.10265231132507324,0.10783696174621582
0,10000,10000,0.019550085067749023,0.10315513610839844,0.10801815986633301
0,10000,10000,0.019632339477539062,0.1025691032409668,0.10776138305664062
0,10000,10000,0.020560264587402344,0.10248994827270508,0.10811209678649902
0,10000,10000,0.019598007202148438,0.10244393348693848,0.1074516773223877
0,10000,10000,0.01957535743713379,0.10244965553283691,0.10790514945983887
0,10000,10000,0.01946425437927246,0.10261106491088867,0.10789155960083008
0,10000,10000,0.0195772647857666,0.10237407684326172,0.10850667953491211
0,10000,10000,0.01952815055847168,0.10229063034057617,0.10780954360961914
0,10000,10000,0.019586801528930664,0.1024312973022461,0.10825061798095703
0,10000,10000,0.01952052116394043,0.10216903686523438,0.1075129508972168
0,10000,10000,0.019526958465576172,0.10240387916564941,0.10854887962341309
0,10000,10000,0.01953434944152832,0.10216593742370605,0.10749197006225586
0,10000,10000,0.01953125,0.10223746299743652,0.10789847373962402
0,10000,10000,0.019471168518066406,0.10193324089050293,0.10758566856384277
0,10000,10000,0.01953864097595215,0.10187458992004395,0.10797953605651855
0,10000,10000,0.0194394588470459,0.10171127319335938,0.10734772682189941
0,10000,10000,0.01946878433227539,0.10176253318786621,0.10783076286315918
0,10000,10000,0.01934504508972168,0.1015629768371582,0.1075136661529541
0,10000,10000,0.019484519958496094,0.10163140296936035,0.10800004005432129
0,10000,10000,0.01940631866455078,0.10148119926452637,0.10753369331359863
0,10000,10000,0.019420862197875977,0.10130620002746582,0.10824060440063477
0,10000,10000,0.01941990852355957,0.10127520561218262,0.10762524604797363
0,10000,10000,0.01926255226135254,0.10180926322937012,0.1086888313293457
0,10000,10000,0.019187450408935547,0.1020209789276123,0.10757803916931152
0,10000,10000,0.01924300193786621,0.10219073295593262,0.1076815128326416
0,10000,10000,0.01947641372680664,0.1017906665802002,0.10767149925231934
0,10000,10000,0.019443035125732422,0.1016085147857666,0.10867810249328613
0,10000,10000,0.019347667694091797,0.10140180587768555,0.10781121253967285
0,10000,10000,0.01938772201538086,0.10179972648620605,0.10840320587158203
0,10000,10000,0.019251108169555664,0.10561966896057129,0.10780048370361328
0,10000,10000,0.019396543502807617,0.10225462913513184,0.10871148109436035
0,10000,10000,0.019287109375,0.10205554962158203,0.1076502799987793
0,10000,10000,0.0192718505859375,0.10222387313842773,0.10903787612915039
0,10000,10000,0.019221067428588867,0.10213899612426758,0.10777854919433594
0,10000,10000,0.019248008728027344,0.10222840309143066,0.10858416557312012
0,10000,10000,0.019313335418701172,0.102203369140625,0.10759758949279785
0,10000,10000,0.019315004348754883,0.10235857963562012,0.10837483406066895
0,10000,10000,0.01910257339477539,0.10201573371887207,0.10773444175720215
0,10000,10000,0.019232749938964844,0.10216498374938965,0.10846710205078125
0,10000,10000,0.019163131713867188,0.10214757919311523,0.10754895210266113
0,10000,10000,0.019127607345581055,0.10301756858825684,0.10779595375061035
0,10000,10000,0.019418001174926758,0.10213208198547363,0.10769867897033691
0,10000,10000,0.01965045928955078,0.10278725624084473,0.10785269737243652
0,10000,10000,0.019916772842407227,0.1018064022064209,0.10781240463256836
0,10000,10000,0.01984262466430664,0.10248613357543945,0.10739254951477051
0,10000,10000,0.019586801528930664,0.10179710388183594,0.1078176498413086
0,10000,10000,0.019657135009765625,0.10243391990661621,0.10781192779541016
0,10000,10000,0.019390583038330078,0.10182356834411621,0.10748815536499023
0,10000,10000,0.019400596618652344,0.10237431526184082,0.10796332359313965
0,10000,10000,0.019313573837280273,0.10171031951904297,0.10781693458557129
0,10000,10000,0.019408464431762695,0.10228776931762695,0.1079256534576416
0,10000,10000,0.019412755966186523,0.10179638862609863,0.10784411430358887
0,10000,10000,0.01935720443725586,0.10273480415344238,0.10808181762695312
0,10000,10000,0.01926398277282715,0.1020965576171875,0.10785603523254395
0,10000,10000,0.01927924156188965,0.10285019874572754,0.10806107521057129
0,10000,10000,0.019301891326904297,0.10221123695373535,0.10770964622497559
0,10000,10000,0.019949674606323242,0.10353469848632812,0.10774779319763184
0,10000,10000,0.01965045928955078,0.10241436958312988,0.10814619064331055
0,10000,10000,0.019982337951660156,0.1028282642364502,0.10784053802490234
0,10000,10000,0.01960587501525879,0.10251593589782715,0.10862326622009277
0,10000,10000,0.019671916961669922,0.10270500183105469,0.10814261436462402
0,10000,10000,0.01952362060546875,0.10237860679626465,0.10882449150085449
0,10000,10000,0.019537925720214844,0.10264897346496582,0.10823369026184082
0,10000,10000,0.0195159912109375,0.10316610336303711,0.10805583000183105
0,10000,10000,0.01957106590270996,0.10242438316345215,0.10784268379211426
0,10000,10000,0.019542455673217773,0.10299873352050781,0.10793066024780273
0,10000,10000,0.019501924514770508,0.1025998592376709,0.10804367065429688
0,10000,10000,0.019556760787963867,0.10322976112365723,0.10794329643249512
0,10000,10000,0.019591093063354492,0.10393762588500977,0.10765862464904785
0,10000,10000,0.01966238021850586,0.10303926467895508,0.10808563232421875
